% # columns="iteration, evaluation, sigma, max axis length,  min axis length, all principle axes lengths  (sorted square roots of eigenvalues of C)", seed=358473, Fri Dec 13 03:28:17 2019
1 8 1.1532478305228404 1.0000375007031337 1.0 1.0 1.0000125000781253 1.0000250003125026 1.0000375007031337
2 16 1.5497653112603416 1.2946101375287773 0.8889128396730562 0.8889128396730562 0.936980811869294 1.0244743263984342 1.2946101375287773
3 24 1.8597490780302133 1.3988755022708712 0.8392517878412531 0.8392517878412531 0.9025732742790556 1.0403487985853448 1.3988755022708712
4 32 2.411633617725837 1.5314591715098924 0.7626708391520401 0.7626708391520401 0.9371606398062768 1.0112138781465876 1.5314591715098924
5 40 3.0938171403930372 1.6486411398050225 0.7198849316403421 0.7198849316403421 0.8721324955705358 0.9960284653353261 1.6486411398050225
6 48 4.023696647666284 1.8282380270894016 0.6380929757148636 0.6380929757148636 0.850445903927123 0.9760147528458761 1.8282380270894016
7 56 5.772646358477251 2.0202958256568406 0.6157824191945194 0.6157824191945194 0.7862235637153083 0.9702535045735368 2.0202958256568406
8 64 7.832587060863835 1.9632329539026512 0.5701112678779435 0.5701112678779435 0.8850265424460919 0.9969279685996097 1.9632329539026512
9 72 9.988592452281766 1.9145917146538922 0.5711221680946749 0.5711221680946749 0.8775757885114007 1.0120761285915318 1.9145917146538922
