% # columns="iteration, evaluation, min max(neg(.)) min(pos(.)) max correlation, correlation matrix principle axes lengths  (sorted square roots of eigenvalues of correlation matrix)", seed=358473, Fri Dec 13 03:28:17 2019
1 8 -0.2203904471112206 -0.06617694332579682 0.04239253526082781 0.17485020778846386 1 1 1 1
2 16 -0.34875861103824923 -0.1253017973041914 0.006885124314490857 0.19199624082671318 1 1 1 1
3 24 -0.31425731748062746 -0.1053838037436015 0.06173897438146067 0.30965000659980346 1 1 1 1
4 32 -0.3681335676353442 -0.1270961006828924 0.0868969067079464 0.39867736511394464 1 1 1 1
5 40 -0.476330083486972 -0.07658775277633587 0.13409856659412953 0.43528888362096096 1 1 1 1
6 48 -0.626574196152985 -0.2128151368642827 0.21704404601850125 0.5246029151295739 1 1 1 1
7 56 -0.5715897980919693 -0.14933831892724547 0.15805073204904177 0.507571490270872 1 1 1 1
8 64 -0.5841142484883313 -0.16708288226264592 0.14234537663666105 0.5161559142348193 1 1 1 1
9 72 -0.6727887734424169 -0.1331931439858209 0.05463058438608697 0.5527510339930058 1 1 1 1
