% # columns="iteration, evaluation, sigma, axis ratio, bestever, best, median, worst objective function value, further objective values of best", seed=358473, Fri Dec 13 03:28:17 2019, <python>{}</python>
1 8 1.1532478305228404 1.0000375007031337 -10.602321038142934 -1.0602321038142934e+01 -2.3871955331153116 10000.0   
2 16 1.5497653112603416 1.4563971626340073 -13.32411941103739 -1.3324119411037390e+01 -9.779357345667805 -2.6754039014102524   
3 24 1.8597490780302133 1.6668126568655848 -14.15148570931315 -1.4151485709313150e+01 -9.855326719508126 -6.542039751222395   
4 32 2.411633617725837 2.008021144760974 -14.305379386026924 -1.4305379386026924e+01 -13.915660240620198 -11.106729432426532   
5 40 3.0938171403930372 2.290145365382771 -14.308038293341024 -1.4308038293341024e+01 -14.30621002795049 -14.275768143898373   
6 48 4.023696647666284 2.8651593054150197 -14.30806148371529 -1.4308061483715290e+01 -14.305952268190566 -14.26713100613815   
7 56 5.772646358477251 3.2808598665410256 -14.30806148561103 -1.4308061485611031e+01 -14.308054355032082 -14.307981193477879   
8 64 7.832587060863835 3.4435961267879454 -14.30806148561121 -1.4308061485611210e+01 -14.308061485610963 -14.30801469491498   
9 72 9.988592452281766 3.352333041179572 -14.324296956257676 -1.4324296956257676e+01 -14.30806148561125 -14.30806148561103   
