% # columns="iteration, evaluation, void, void, void, xmean", seed=358473, Fri Dec 13 03:28:17 2019, <python>{}</python> # scaling_of_variables: 1, typical_x: 0
1 8 0 0 0 0.9239024031413962 -0.574983795990876 -0.6391183822906705 0.8225992239275177
2 16 0 0 0 2.8347843909164836 -1.2289522129022705 -1.7203474525772384 1.5274364149205284
3 24 0 0 0 2.4943214430539595 -1.4715895491510298 -3.8854516383329623 1.8372538826225675
4 32 0 0 0 3.9098348285193576 -2.3877058674589193 -7.30156802690853 2.2541199952108597
5 40 0 0 0 6.149277191619848 -3.1676265592563984 -10.95049612390547 2.6217406439560222
6 48 0 0 0 9.692029482679795 -4.556694489155513 -16.2927737718238 3.0540058952492593
7 56 0 0 0 16.62965878631191 -4.571762636985455 -23.66693081445774 2.974986361099069
8 64 0 0 0 14.265490104398925 0.992133736097208 -25.824271554348524 -3.9109857036312317
9 72 0 0 0 -1.1756421608988639 8.672698934472612 -16.679487038624643 -2.740189544064603
