% # columns="iter, evals, sigma, 0, fitness, xbest" seed=358473, Fri Dec 13 03:28:17 2019, <python>{}</python>
1 8 1.1532478305228404 0 -10.602321038142934 0.7082706423637494 -0.5897508844964686 -1.1947026119776516 -0.29733086712051593
2 16 1.5497653112603416 0 -13.32411941103739 3.3664400487999755 -2.1120209257264655 -1.9643945673216647 1.7249248543699398
3 24 1.8597490780302133 0 -14.15148570931315 1.6336756524076312 -2.168984034003178 -5.883611684120593 1.90134977965847
4 32 2.411633617725837 0 -14.305379386026924 4.367769868633734 -2.7585776280790864 -8.777835106869578 3.1008227945272764
5 40 3.0938171403930372 0 -14.308038293341024 4.739913209525684 -3.7361490266796924 -12.948912433425019 1.8902261302761334
6 48 4.023696647666284 0 -14.30806148371529 12.189441400910784 -6.805439650874401 -22.00222993212687 6.3637406344047385
7 56 5.772646358477251 0 -14.30806148561103 22.593467900253316 -5.256121015966285 -24.126686434922405 2.817369785111547
8 64 7.832587060863835 0 -14.30806148561121 12.473073815449592 3.1232753649441802 -20.58033857413224 -2.147244803292094
9 72 9.988592452281766 0 -14.324296956257676 -5.651367142164094 11.652754188427995 -16.484236299632336 3.112589024865861
